22
138. 215. 0.130 12.0
4.   0.805   1000.0 
5.   0.805   1500.0  
6.   0.805   2000.0   
7.   0.805   4000.0   
8.   0.805   8000.0  
9.   0.805  10000.0   
10.  0.790  11000.0  
11.  0.740  12000.0   
12.  0.700  12000.0   
13.  0.400  12000.0  
14.  0.300  12000.0  
15.  0.250  12000.0   
16.  0.200  12000.0   
17.  0.160  12000.0 
18.  0.140  12000.0  
19.  0.120  12000.0  
20.  0.100  12000.0   
21.  0.080  12000.0 
22.  0.070  12000.0  
23.  0.060  12000.0
24.  0.055  12000.0 
25.  0.050  12000.0  
