40.70 -70.85 1
40.60 -70.85 1
40.50 -70.85 1
40.40 -70.85 1
40.70 -70.8 1
40.60 -70.8 1
40.50 -70.8 1
40.40 -70.8 1
40.70 -70.75 1
40.60 -70.75 1
40.50 -70.75 1
40.40 -70.75 1
40.70 -70.7 1
40.60 -70.7 1
40.50 -70.7 1
40.40 -70.7 1
40.70 -70.65 1
40.60 -70.65 1
40.50 -70.65 1
40.40 -70.65 1
40.70 -70.6 1
40.60 -70.6 1
40.50 -70.6 1
40.40 -70.6 1
40.70 -70.55 1
40.60 -70.55 1
40.50 -70.55 1
40.40 -70.55 1
40.70 -70.5 1
40.60 -70.5 1
40.50 -70.5 1
40.40 -70.5 1
40.70 -70.45 1
40.60 -70.45 1
40.50 -70.45 1
40.40 -70.45 1
40.70 -70.4 1
40.60 -70.4 1
40.50 -70.4 1
40.40 -70.4 1
40.75 -70.85 1
40.65 -70.85 1
40.55 -70.85 1
40.45 -70.85 1
40.75 -70.8 1
40.65 -70.8 1
40.55 -70.8 1
40.45 -70.8 1
40.75 -70.75 1
40.65 -70.75 1
40.55 -70.75 1
40.45 -70.75 1
40.75 -70.7 1
40.65 -70.7 1
40.55 -70.7 1
40.45 -70.7 1
40.75 -70.65 1
40.65 -70.65 1
40.55 -70.65 1
40.45 -70.65 1
40.75 -70.6 1
40.65 -70.6 1
40.55 -70.6 1
40.45 -70.6 1
40.75 -70.55 1
40.65 -70.55 1
40.55 -70.55 1
40.45 -70.55 1
40.75 -70.5 1
40.65 -70.5 1
40.55 -70.5 1
40.45 -70.5 1
40.75 -70.45 1
40.65 -70.45 1
40.55 -70.45 1
40.45 -70.45 1
40.75 -70.4 1
40.65 -70.4 1
40.55 -70.4 1
40.45 -70.4 1
